tree
version=v4
num_class=1
num_tree_per_iteration=1
label_index=0
max_feature_idx=25
objective=regression
feature_names=pct_correct_mean pct_correct_std pct_correct_max assignment_id_count unique_problems unique_assignments problem_solving_efficiency score_consistency is_improving_mean excellence_ratio coding_maturity attempt_per_problem_mean rolling_avg_score_mean relative_performance_mean good_study_timing submit_hour_mean code_run_mean is_scored_mean avg_success_per_problem submissions_per_day active_days is_excellent_mean is_zero_score_mean late_coef_mean wrong_test_cases_mean grading_delay_mean
feature_infos=[0:100] [0:70.710678118654755] none [1:833] [1:131] [1:23] [0:50] [0.014140135906533667:100] [0:0.5] [0:0.93333333333333335] [0.39361324365306638:37.799999999999997] [1:16.411522633744855] [0:100] [-61.191716417910449:49.172413793103445] [0:1] [1:18] [0:1] [0.076923076923076927:1] [0:100] [1:42.142857142857146] none [0:1] [0:1] [51.612903225806448:100] [0:23.5] [-1186736.1136363635:741295.6451612903]
tree_sizes=1471 1631 1556 1557 1631 1723 1562 1635 1718 1723 1721 1722 1720 1636 1644 1634 1574 1484 1723 1648 1657 1651 1733 1648 1810 1728 1724 1557 1726 1739 1640 1650 1637 1641 1648 1735 1903 1728 1903 1900 1744 1743 1740

Tree=0
num_leaves=17
num_cat=0
split_feature=8 21 3 18 15 5 17 19 24 21 13 12 8 25 15 15
split_gain=274.452 123.582 121.889 67.0936 47.6227 32.1471 50.297 30.9707 23.7256 22.5 20.237 16.4912 21.6413 10.182 11.1502 6.47814
threshold=0.22171956344477203 0.70239353669586235 51.500000000000007 92.903003485290654 10.132435378386797 5.5000000000000009 0.43800133689839577 7.9429729729729734 3.803714565004888 0.55955757231990944 -6.971327363296985 49.227062201574405 0.27315255999306942 303.04629629629636 7.8684065934065943 9.8212099473935925
decision_type=2 2 2 2 2 2 2 2 2 2 2 2 2 2 2 2
left_child=2 3 9 7 8 -4 -7 -2 13 -1 15 12 -12 -3 -15 -9
right_child=1 4 5 -5 -6 6 -8 10 -10 -11 11 -13 -14 14 -16 -17
leaf_value=5.4108360906073587 5.3912527583698822 5.518752757038091 5.3080320355444561 5.3574564611129434 5.4441373730082452 5.4165503769762315 5.3260566782466068 5.4439042739630699 5.5491231264688601 5.4858360894152662 5.4547944248347617 5.4420860916078659 5.5234497260701527 5.5063168594570024 5.4612240225616029 5.4045860914828019
leaf_weight=20 24 30 37 27 39 28 34 22 27 20 24 35 22 26 29 20
leaf_count=20 24 30 37 27 39 28 34 22 27 20 24 35 22 26 29 20
internal_value=5.43377 5.45862 5.37468 5.4299 5.49172 5.34491 5.36692 5.44321 5.50829 5.44834 5.45335 5.46795 5.48763 5.49532 5.48254 5.42518
internal_weight=0 325 139 174 151 99 62 147 112 40 123 81 46 85 55 42
internal_count=464 325 139 174 151 99 62 147 112 40 123 81 46 85 55 42
is_linear=0
shrinkage=1


Tree=1
num_leaves=18
num_cat=0
split_feature=8 16 21 18 24 3 8 19 13 25 8 12 8 5 25 24 5
split_gain=247.693 160.39 111.533 60.552 34.2364 30.1851 29.9522 27.9511 18.2639 17.8586 35.9871 14.8833 19.5313 12.5819 10.5587 7.73387 6.26497
threshold=0.22171956344477203 0.89519450800915346 0.70239353669586235 92.903003485290654 3.3534279692536577 54.500000000000007 0.19778979687277612 7.9429729729729734 -6.971327363296985 2005.9945278611947 0.28107308491923882 49.227062201574405 0.27315255999306942 6.5000000000000009 7962.8597074272975 2.3046901070897676 6.5000000000000009
decision_type=2 2 2 2 2 2 2 2 2 2 2 2 2 2 2 2 2
left_child=1 5 3 7 9 -1 13 -2 16 15 -11 12 -10 -7 -8 -4 -9
right_child=2 -3 4 -5 -6 6 14 8 11 10 -12 -13 -14 -15 -16 -17 -18
leaf_value=-0.032097295224666596 -0.040395971635977433 0.036439587644168311 0.087802160419523712 -0.072502453321660013 0.095395859111195969 -0.15728284744989307 -0.095869500488042839 0.01024848549542102 0.019968612864613534 -0.0093562696180823773 0.066223130534802166 0.0078956963547638492 0.085191150382161143 -0.1031754470853643 -0.045107065797561692 0.04709272305481136 -0.028417372424155474
leaf_weight=20 24 35 20 27 39 21 20 22 24 36 28 35 22 22 21 28 20
leaf_count=20 24 35 20 27 39 21 20 22 24 36 28 35 22 22 21 28 20
internal_value=0 -0.0561439 0.0236072 -0.00367902 0.0550497 -0.0873018 -0.100446 0.00896202 0.0185929 0.0410005 0.0237097 0.0324667 0.051162 -0.1296 -0.0698692 0.064055 -0.00816383
internal_weight=0 139 325 174 151 104 84 147 123 112 64 81 46 43 41 48 42
internal_count=464 139 325 174 151 104 84 147 123 112 64 81 46 43 41 48 42
is_linear=0
shrinkage=0.05


Tree=2
num_leaves=17
num_cat=0
split_feature=8 16 21 18 15 15 16 13 19 24 14 3 15 19 25 21
split_gain=223.543 144.752 100.659 54.6482 41.3731 30.9524 27.6546 25.7354 25.5059 19.6136 18.5799 15.0597 13.5884 13.3607 12.7676 2.40066
threshold=0.22171956344477203 0.89519450800915346 0.70239353669586235 92.903003485290654 10.132435378386797 8.5282567854469935 0.74016574585635364 6.3899578942923592 8.063405797101451 3.8889851990538493 0.27489269249112397 364.50000000000006 6.8982263513513518 12.211111111111112 2181.0079734219275 0.61632081947304507
decision_type=2 2 2 2 2 2 2 2 2 2 2 2 2 2 2 2
left_child=1 5 3 8 9 -1 -7 -8 -2 12 13 -12 -4 -10 -14 -15
right_child=2 -3 4 -5 -6 6 7 -9 10 -11 11 -13 14 15 -16 -17
leaf_value=-0.037997202309114596 -0.035393717609069966 0.034617607848984856 0.092692467719316496 -0.068877330643159373 0.0079447465614439598 -0.13486032378859819 -0.03886439511552453 -0.11566086106002332 0.066289795485014721 0.10677405068278312 -0.021965898066345191 0.032147599160671239 0.065382635809883891 0.0068519286904484035 0.02148905789751249 0.031350168939679866
leaf_weight=28 27 35 20 27 39 32 24 20 24 25 36 20 37 20 30 20
leaf_count=28 27 35 20 27 39 32 24 20 24 25 36 20 37 20 30 20
internal_value=0 -0.0533367 0.0224269 -0.00349507 0.0522972 -0.0829367 -0.0994933 -0.0737719 0.00851392 0.0677413 0.0183931 -0.00263965 0.056525 0.0367968 0.0457288 0.019101
internal_weight=0 139 325 174 151 104 76 44 147 112 120 56 87 64 67 40
internal_count=464 139 325 174 151 104 76 44 147 112 120 56 87 64 67 40
is_linear=0
shrinkage=0.05


Tree=3
num_leaves=17
num_cat=0
split_feature=8 16 21 18 15 1 15 24 4 24 8 9 12 25 15 3
split_gain=201.747 130.638 90.8443 49.5309 37.3393 28.5781 60.3592 22.2433 27.3896 17.7347 15.8608 14.5927 8.72736 7.8957 9.29718 5.15201
threshold=0.22171956344477203 0.89519450800915346 0.70239353669586235 93.307137500917165 10.132435378386797 47.335847654432051 9.6409520807061799 4.2671538388535639 47.500000000000007 3.803714565004888 0.19778979687277612 0.59702963071084525 49.227062201574405 303.04629629629636 7.8684065934065943 227.00000000000003
decision_type=2 2 2 2 2 8 2 2 2 2 2 2 2 2 2 2
left_child=1 5 3 7 9 6 -1 8 -2 13 -8 -10 -13 -4 -15 -14
right_child=2 -3 4 -5 -6 -7 10 -9 11 -11 -12 12 15 14 -16 -17
leaf_value=-0.014602438294712236 -0.051471915570172402 0.032886726941381186 0.07377432937423388 -0.071673399469126833 0.0075475076929881028 -0.13250471055507659 -0.12491528506487096 0.054837796375865035 -0.018587664444930853 0.099656396966289598 -0.067858262235919634 0.041003602607683709 0.025379064083099367 0.063596758622532862 0.022421039281220273 -0.009319686383494865
leaf_weight=34 22 35 30 23 39 20 29 21 32 27 21 33 20 26 29 23
leaf_count=34 22 35 30 23 39 20 29 21 32 27 21 33 20 26 29 23
internal_value=0 -0.0506698 0.0213055 -0.00332031 0.0496823 -0.0787898 -0.0660006 0.00709108 -0.000621846 0.0643543 -0.100951 0.0097365 0.0216625 0.0531407 0.0418859 0.00681927
internal_weight=0 139 325 174 151 104 84 151 130 112 50 108 76 85 55 43
internal_count=464 139 325 174 151 104 84 151 130 112 50 108 76 85 55 43
is_linear=0
shrinkage=0.05


Tree=4
num_leaves=18
num_cat=0
split_feature=16 1 18 24 24 9 15 14 14 21 18 17 9 0 9 0 5
split_gain=175.957 97.9643 91.9372 74.6173 59.5668 49.3694 38.0915 33.2049 31.198 30.977 14.3365 13.8348 10.7797 7.15131 15.5975 5.70171 4.28441
threshold=0.77823315118397096 46.875796942210705 94.41489112903227 1.1700000000000002 4.4347752565967999 0.48638809749920869 9.735524891774892 0.33273809523809528 0.41674934344908088 0.71927152317880805 90.619210265246451 0.39742026656321877 0.59951690821256054 58.895294535032569 0.76989900970683411 49.123910097796632 6.5000000000000009
decision_type=2 8 2 2 2 2 2 2 2 2 2 2 2 2 2 2 2
left_child=1 5 4 -4 8 6 -1 10 9 11 12 15 -7 -11 -15 -2 -16
right_child=2 -3 3 -5 -6 7 -8 -9 -10 13 -12 -13 -14 14 16 -17 -18
leaf_value=-0.024044639972800558 0.043813723027706149 -0.1330084560122341 0.020772162924210233 -0.09271952669535366 0.096400348288672319 0.0078388334661722188 -0.11818966642022133 -0.051381471460419041 -0.023206507435367844 0.069780555995447288 -0.01879895896063713 -0.025188804311411725 0.057087475433945656 0.0073380497442981744 0.075174556104909807 0.010347646661102772 0.044539792865514759
leaf_weight=22 20 25 30 28 35 25 21 28 28 35 23 21 20 22 21 35 25
leaf_count=22 20 25 30 28 35 25 21 28 28 35 23 21 20 22 21 35 25
internal_value=0 -0.0418873 0.0225221 -0.0340169 0.0360728 -0.0254986 -0.0700224 -0.00555559 0.0258725 0.0335497 0.0133139 0.00933523 0.0297271 0.0514167 0.0419647 0.0225171 0.0585252
internal_weight=0 164 300 58 242 139 43 96 207 179 68 76 45 103 68 55 46
internal_count=464 164 300 58 242 139 43 96 207 179 68 76 45 103 68 55 46
is_linear=0
shrinkage=0.05


Tree=5
num_leaves=19
num_cat=0
split_feature=21 18 24 1 16 14 21 8 18 15 18 11 24 16 19 24 0 18
split_gain=156.027 183.082 61.7145 90.1399 50.164 29.4343 31.3024 25.1825 20.8282 18.5237 17.3173 10.5944 9.8037 9.52035 8.76535 7.86429 7.20425 5.28793
threshold=0.68243131900468479 94.538222412791711 1.2314814814814816 46.875796942210705 0.64201533239253983 0.41674934344908088 0.76778071745389476 0.27374686716791991 88.130611584404832 7.8684065934065943 85.485483664518455 2.788305591122493 2.4480709507883427 0.86645435244161373 14.651629072681706 2.3648094816127609 55.448789891818798 91.009403983707884
decision_type=2 2 2 10 2 2 2 2 2 2 2 2 2 2 2 2 2 2
left_child=2 5 -1 4 -4 6 11 10 -8 -9 -6 -2 -12 16 -11 -10 -13 -14
right_child=1 -3 3 -5 7 -7 8 9 15 14 12 13 17 -15 -16 -17 -18 -19
leaf_value=0.040852390910283878 0.061035254574380818 -0.091829125840088427 -0.091927674026400952 -0.12800810150264835 0.0027570081800222402 -0.010610290940689006 0.10569990431108783 0.046531146038323645 0.03103873120112853 -0.035852206945419317 -0.015858948554488876 0.052929396268266898 -0.042361810544025505 -0.0067169193504378194 0.010398876644848358 0.074359689503908158 0.017965989099705922 -0.07305240824818611
leaf_weight=26 24 29 27 26 25 23 31 20 22 20 21 26 32 20 21 20 34 25
leaf_count=26 24 29 27 26 25 23 31 20 22 20 21 26 32 20 21 20 34 25
internal_value=0 0.0255772 -0.031943 -0.040665 -0.0287754 0.0426011 0.0495156 -0.0183783 0.0746129 0.00708123 -0.0334563 0.0318992 -0.0450632 0.0231584 -0.0121626 0.0516678 0.0331168 -0.0558226
internal_weight=0 229 243 217 191 200 177 164 73 61 103 104 78 80 41 42 60 57
internal_count=472 229 243 217 191 200 177 164 73 61 103 104 78 80 41 42 60 57
is_linear=0
shrinkage=0.05


Tree=6
num_leaves=17
num_cat=0
split_feature=21 24 8 24 8 14 19 17 21 1 13 1 10 0 6 15
split_gain=140.814 58.5279 68.2653 55.6973 82.5996 36.2554 45.0547 30.3832 26.2045 21.8321 20.2137 29.6905 18.4923 16.8165 13.2805 7.68673
threshold=0.68243131900468479 2.9546853625171003 0.21142033642033645 1.2314814814814816 0.22263071895424838 0.2477932636469222 9.3741258741258751 0.37108737230022865 0.76778071745389476 46.625749514428485 -4.4263619860631147 43.238529003269072 2.3000572531742045 48.517133928571432 10.723697116736815 7.5789007092198588
decision_type=2 2 2 2 2 2 2 2 2 10 2 10 10 2 2 2
left_child=3 2 -2 -1 9 15 -7 10 14 12 11 -6 -5 -12 -3 -4
right_child=1 8 5 4 7 6 -8 -9 -10 -11 13 -13 -14 -15 -16 -17
leaf_value=0.03880976952898961 -0.075799288329753023 0.059344782697206194 0.069333634463449326 -0.093543924806782836 0.0050272527254290053 0.034085163311807047 -0.049859354440723702 -0.064728191455027881 0.088557494845314833 -0.12667912617325783 0.050635157099791939 -0.062322962296505774 -0.030460156997044879 -0.0062724258093272943 0.0044057099656625229 0.033000793922189124
leaf_weight=26 22 22 24 26 36 33 31 28 38 21 21 30 21 34 22 37
leaf_count=26 22 22 24 26 36 33 31 28 38 21 21 30 21 34 22 37
internal_value=0 0.0242983 0.0054192 -0.0303458 -0.0386317 0.0197137 -0.00657546 -0.0177921 0.0581426 -0.0842951 -0.00693084 -0.0255865 -0.0653576 0.0154559 0.0318752 0.0472957
internal_weight=0 229 147 243 217 125 64 149 82 68 121 66 47 55 44 61
internal_count=472 229 147 243 217 125 64 149 82 68 121 66 47 55 44 61
is_linear=0
shrinkage=0.05


Tree=7
num_leaves=18
num_cat=0
split_feature=22 18 24 1 14 3 5 3 8 19 15 13 24 25 4 4 19
split_gain=126.01 154.949 50.2914 75.1337 37.3014 28.6535 26.1524 22.7036 17.0054 16.3984 12.3738 19.7407 13.0765 12.7634 11.8567 15.0737 9.41583
threshold=0.31780707610146869 94.538222412791711 1.2314814814814816 46.875796942210705 0.48206241956241963 375.50000000000006 4.5000000000000009 122.50000000000001 0.24364361129067014 12.790570175438598 9.5087761870096283 5.0894832499678841 2.8681170797353377 6387.1030303030311 52.500000000000007 71.500000000000014 9.1017316017316023
decision_type=2 2 2 10 2 2 2 2 2 2 2 2 2 2 2 2 2
left_child=1 6 -2 4 5 8 -1 -8 9 -4 11 -9 16 -13 -10 -16 -12
right_child=2 -3 3 -5 -6 -7 7 10 14 -11 12 13 -14 -15 15 -17 -18
leaf_value=0.085236639020184579 0.036869281014570821 -0.085186387495747931 -0.023144628432217158 -0.11645330887001296 -0.088675407426697883 0.030264988957116237 -0.014803193331412648 0.015132663577444944 -0.043173857246126449 -0.073666197665292643 0.027321002360146781 0.049228216992277245 0.054349000481041999 0.097567965225739919 0.034440862529334572 -0.018862660989786187 -0.018311740905046465
leaf_weight=26 26 29 36 26 21 26 23 26 21 29 26 36 22 22 21 36 20
leaf_count=26 26 29 36 26 21 26 23 26 21 29 26 36 22 22 21 36 20
internal_value=0 0.0228575 -0.0288283 -0.0367364 -0.0258277 -0.0180183 0.0384459 0.0314941 -0.026797 -0.045685 0.0384997 0.0513352 0.022644 0.067564 -0.011057 0.000775479 0.00748068
internal_weight=0 230 242 216 190 169 201 175 143 65 152 84 68 58 78 57 46
internal_count=472 230 242 216 190 169 201 175 143 65 152 84 68 58 78 57 46
is_linear=0
shrinkage=0.05


Tree=8
num_leaves=19
num_cat=0
split_feature=21 18 24 8 17 3 3 1 10 3 6 1 4 5 17 14 4 19
split_gain=114.781 140.542 45.379 69.358 25.8322 24.9788 28.6013 17.6173 16.3281 12.7347 17.8621 14.5462 11.0574 20.0597 9.30542 7.91311 6.89023 2.23814
threshold=0.68243131900468479 94.538222412791711 1.2314814814814816 0.22263071895424838 0.35318206972883237 69.000000000000014 124.50000000000001 46.625749514428485 2.3000572531742045 375.50000000000006 10.459905092125526 43.952461846975034 77.500000000000014 11.500000000000002 0.38686773149319947 0.21293309438470731 99.500000000000014 14.651629072681706
decision_type=2 2 2 2 2 2 2 10 10 2 2 10 2 2 2 2 2 2
left_child=2 5 -1 7 9 -2 -7 8 -4 10 11 17 14 16 15 -8 -14 -5
right_child=1 -3 3 4 -6 6 12 -9 -10 -11 -12 -13 13 -15 -16 -17 -18 -19
leaf_value=0.035025816754652904 0.089864918664097793 -0.080927068072146391 -0.086192780331923416 -0.020085199996829034 -0.05136073082685471 -0.025408711507916449 0.080256202047069874 -0.11479239158687138 -0.026915235320727034 0.028646754644190271 0.024213477526791396 -0.058160232072291165 -0.015309834764117286 0.059263257509363558 0.026820085036496705 0.041274835262447601 0.021548891323618591 0.0035693104565143589
leaf_weight=26 20 29 26 20 38 20 30 21 21 24 24 23 21 28 26 23 32 20
leaf_count=26 20 29 26 20 38 20 30 21 21 24 24 23 21 28 26 23 32 20
internal_value=0 0.0219389 -0.0273962 -0.0348753 -0.015779 0.0368544 0.0309644 -0.0767187 -0.0597071 -0.00359782 -0.0124929 -0.0264762 0.038011 0.02503 0.0513206 0.0633398 0.00694449 -0.00825794
internal_weight=0 229 243 217 149 200 180 68 47 111 87 63 160 81 79 53 53 40
internal_count=472 229 243 217 149 200 180 68 47 111 87 63 160 81 79 53 53 40
is_linear=0
shrinkage=0.05


Tree=9
num_leaves=19
num_cat=0
split_feature=16 18 8 24 21 7 18 15 15 6 21 15 24 19 13 25 24 14
split_gain=104.609 77.2475 61.1203 57.7866 39.7349 35.3492 27.6033 21.7152 19.7368 14.9969 16.6795 18.4509 13.5924 11.5295 10.4539 15.0446 7.99225 8.00673
threshold=0.77823315118397096 94.41489112903227 0.24364361129067014 1.1700000000000002 0.76778071745389476 0.021328422414850463 88.130611584404832 9.735524891774892 6.7196470588235302 8.0890774130601208 0.71529888551165166 9.5087761870096283 2.3648094816127609 12.211111111111112 -4.4263619860631147 2073.4715037593992 2.532038123167156 0.2137341585617448
decision_type=2 2 2 2 2 10 2 2 2 2 2 2 2 2 2 2 2 2
left_child=2 4 5 -3 8 -1 -6 -7 -2 -10 16 -12 -8 -9 15 -4 -11 -18
right_child=1 3 14 -5 6 7 12 13 9 10 11 -13 -14 -15 -16 -17 17 -19
leaf_value=-0.11624389168891042 0.052681973027065399 0.01154258642345667 -0.043137407824397095 -0.097076503254473215 0.089744341943878689 -0.012890952161978931 0.0062669077681170573 -0.038473579920828345 0.041142801164338993 0.0060779006865162126 0.043692695593927057 -0.016623193863779306 0.059211698650721123 -0.089406196326017387 0.031454341149046307 0.016780725591392678 -0.0030565605964511635 -0.043384809480630795
leaf_weight=22 25 24 20 25 32 32 27 20 24 26 32 21 22 25 21 22 20 32
leaf_count=22 25 24 20 25 32 32 27 20 24 26 32 21 22 25 21 22 20 32
internal_value=0 0.0137288 -0.035849 -0.0438753 0.0245434 -0.0603485 0.0536257 -0.0443784 0.0114563 0.00480701 -0.00184993 0.0197939 0.030038 -0.0667695 0.0026503 -0.0117517 -0.0165567 -0.0278739
internal_weight=0 310 162 49 261 99 81 77 180 155 131 53 49 45 63 42 78 52
internal_count=472 310 162 49 261 99 81 77 180 155 131 53 49 45 63 42 78 52
is_linear=0
shrinkage=0.05


Tree=10
num_leaves=19
num_cat=0
split_feature=22 14 18 24 8 3 3 24 5 15 24 19 10 14 18 15 19 15
split_gain=107.307 77.6406 53.3919 48.2115 62.5465 35.762 35.7386 32.1762 24.2112 21.246 20.8893 16.2549 15.6955 9.38319 7.32559 7.15064 6.24148 4.74778
threshold=0.38717583807716643 0.30389805097451278 93.580944841269869 1.2314814814814816 0.21238244514106586 52.500000000000007 163.50000000000003 2.9626342339588034 11.500000000000002 7.5789007092198588 3.0798980025499367 11.03846153846154 1.9356250804185546 0.37807592172671539 88.368706184747808 9.3739181286549726 11.312500000000002 9.8212099473935925
decision_type=2 2 2 2 2 2 2 2 2 2 2 2 10 2 2 2 2 2
left_child=1 5 8 -2 12 -1 11 -6 10 -8 13 -7 -5 -3 16 -16 -11 -9
right_child=3 2 -4 4 7 6 9 17 -10 14 -12 -13 -14 -15 15 -17 -18 -19
leaf_value=0.097496126805033001 0.032162767834961414 -0.0056406688633918144 -0.065949690217773124 -0.12214331602677704 -0.055351891500108386 -0.022676067860600981 0.078567102619192822 0.024386872414944936 0.054808208812028171 0.063786730688551202 0.034416137002408503 0.030580308677061747 -0.066009697498697228 -0.051405953961823674 -0.0040964274024147358 0.036693754275752742 0.0260845455784528 -0.006527078676002997
leaf_weight=21 24 24 36 20 34 38 33 23 20 23 20 23 33 21 21 22 21 27
leaf_count=21 24 24 36 20 34 38 33 23 20 23 20 23 33 21 21 22 21 27
internal_value=0 0.0167594 -0.0149141 -0.0332086 -0.0446605 0.0357322 0.0285662 -0.017825 0.00670101 0.0444069 -0.00810121 -0.00259579 -0.0871922 -0.0269978 0.0314495 0.016773 0.0457925 0.00769334
internal_weight=0 323 121 161 137 202 181 84 85 120 65 61 53 45 87 43 44 50
internal_count=484 323 121 161 137 202 181 84 85 120 65 61 53 45 87 43 44 50
is_linear=0
shrinkage=0.05


Tree=11
num_leaves=19
num_cat=0
split_feature=21 14 18 24 8 3 3 24 5 15 24 19 10 14 18 15 19 15
split_gain=99.5201 68.6156 49.2642 44.3827 54.5763 32.2752 32.2541 27.7376 23.0368 19.1746 18.8526 14.6701 14.1652 8.46833 6.61135 6.45345 5.63293 4.99612
threshold=0.61246047714860608 0.30389805097451278 93.580944841269869 1.2314814814814816 0.21238244514106586 52.500000000000007 163.50000000000003 2.9626342339588034 11.500000000000002 7.5789007092198588 3.0798980025499367 11.03846153846154 1.9356250804185546 0.37807592172671539 88.368706184747808 9.3739181286549726 11.312500000000002 9.8212099473935925
decision_type=2 2 2 2 2 2 2 2 2 2 2 2 10 2 2 2 2 2
left_child=3 5 8 -1 12 -2 11 -6 10 -8 13 -7 -5 -3 16 -16 -11 -9
right_child=1 2 -4 4 7 6 9 17 -10 14 -12 -13 -14 -15 15 -17 -18 -19
leaf_value=0.030554630855719252 0.092621322330974407 -0.005358635467321923 -0.062652205282615295 -0.11603615120053293 -0.052584297040148699 -0.02154226467552546 0.074638747175534578 0.023167528592697953 0.05254088033522878 0.060597393823706582 0.032695331089198587 0.029051293173561928 -0.062709213251417331 -0.048835656849578739 -0.0038916057410893871 0.034859065999361602 0.024780318417054203 -0.0088239264029722955
leaf_weight=24 21 24 36 20 34 38 33 23 21 23 20 23 33 21 21 22 21 26
leaf_count=24 21 24 36 20 34 38 33 23 21 23 20 23 33 21 21 22 21 26
internal_value=0 0.0160637 -0.013544 -0.0321328 -0.0431953 0.0339456 0.0271379 -0.0178848 0.0070129 0.0421865 -0.00769614 -0.00246601 -0.0828326 -0.0256479 0.029877 0.0159343 0.0435029 0.00619247
internal_weight=0 324 122 160 136 202 181 83 86 120 65 61 53 45 87 43 44 49
internal_count=484 324 122 160 136 202 181 83 86 120 65 61 53 45 87 43 44 49
is_linear=0
shrinkage=0.05


Tree=12
num_leaves=19
num_cat=0
split_feature=21 8 24 18 3 10 17 24 15 5 15 17 16 13 6 6 24 13
split_gain=93.7348 78.9561 58.7513 45.6917 29.9189 29.8672 34.6486 22.268 21.9336 14.591 11.8747 17.5647 7.68152 6.28967 5.09321 7.5753 14.0475 4.91835
threshold=0.76778071745389476 0.22002082113345048 1.1700000000000002 93.307137500917165 131.00000000000003 1.6703860076804777 0.42319978898625482 3.9450703204291724 7.5789007092198588 12.500000000000002 8.5069964349376139 0.45884899414311181 0.73186673043201023 4.4294484272895573 13.221247334098928 10.322999882613777 3.2333752695902231 1.6805321104871311
decision_type=2 2 2 2 2 10 2 2 2 2 2 2 2 2 2 2 2 2
left_child=1 2 -1 4 -3 -4 -7 10 -6 12 -2 -12 -10 -8 15 16 -14 -17
right_child=7 3 5 -5 8 6 13 -9 9 -11 11 -13 14 -15 -16 17 -18 -19
leaf_value=0.024677661061286927 0.06177129003664722 -0.031251514493487779 -0.11718509754166007 -0.049241409663643154 0.056730824799248673 -0.010184085989991825 -0.058947251886129384 0.090431838966906083 -0.020267945071986027 0.049944284321232275 0.044627983759217449 -0.011098352776697049 -0.021686278904477756 -0.098126051433029632 -0.010423683176155794 0.015652668650173361 0.028430461915659497 0.050298181064426899
leaf_weight=24 23 34 20 35 33 33 20 20 23 22 31 26 27 21 22 21 29 20
leaf_count=24 23 34 20 35 33 33 20 20 23 22 31 26 27 21 22 21 29 20
internal_value=0 -0.0111044 -0.045145 0.00399635 0.0120627 -0.062972 -0.0483198 0.0432429 0.0195382 0.0120544 0.0314456 0.019209 0.00618408 -0.0790144 0.0112967 0.0162229 0.00426703 0.0325529
internal_weight=0 384 118 266 231 94 74 100 197 164 80 57 142 41 119 97 56 41
internal_count=484 384 118 266 231 94 74 100 197 164 80 57 142 41 119 97 56 41
is_linear=0
shrinkage=0.05


Tree=13
num_leaves=18
num_cat=0
split_feature=21 8 24 18 4 14 10 17 8 21 8 3 18 14 8 8 8
split_gain=84.5956 71.2579 53.0231 41.2368 32.6666 30.1081 26.9551 31.8182 20.2253 14.0852 13.6857 18.1394 12.103 9.94704 9.62692 8.554 6.16079
threshold=0.76778071745389476 0.22002082113345048 1.1700000000000002 93.307137500917165 49.500000000000007 0.2477932636469222 1.6703860076804777 0.46446608946608953 0.26253491620111741 0.81684735938170905 0.25640157308280537 195.00000000000003 88.668687107912703 0.3223664870161686 0.20013351134846466 0.28959638795704373 0.24542665923034024
decision_type=2 2 2 2 2 2 10 2 2 2 2 2 2 2 2 2 2
left_child=1 2 -1 4 8 16 -4 14 -3 -7 13 -12 15 -6 -8 -13 -2
right_child=5 3 6 -5 10 9 7 -9 -10 -11 11 12 -14 -15 -16 -17 -18
leaf_value=0.023443778728445372 0.088034363538026808 0.015336812771856785 -0.11132584283710459 -0.046779339654105051 -0.014141250793142497 -0.016608756675344446 -0.040127088712609338 -0.084517852265027268 -0.049155263037931538 0.039351771079765806 0.066221441142261028 0.012300607972147486 -0.0078931788810425348 0.029624912431463604 0.0073046437650918965 0.047906955329046867 0.053247074080365046
leaf_weight=24 20 20 20 35 37 23 23 31 31 22 28 31 27 20 20 37 35
leaf_count=24 20 20 20 35 37 23 23 31 31 22 28 31 27 20 20 37 35
internal_value=0 -0.0105491 -0.0428877 0.00379654 0.0114595 0.0410807 -0.0598234 -0.0459038 -0.0238643 0.0107497 0.021468 0.0308533 0.0204291 0.0012153 -0.0180658 0.0316746 0.065897
internal_weight=0 384 118 266 231 100 94 74 51 45 180 123 95 57 43 68 55
internal_count=484 384 118 266 231 100 94 74 51 45 180 123 95 57 43 68 55
is_linear=0
shrinkage=0.05


Tree=14
num_leaves=18
num_cat=0
split_feature=21 18 8 24 14 5 1 22 17 1 18 4 24 13 9 17 8
split_gain=77.5477 64.9059 32.9635 53.936 28.8649 20.2002 18.1776 17.6451 20.5294 16.0215 15.7596 22.3141 8.45483 8.33398 12.7899 6.43114 7.7028
threshold=0.68243131900468479 94.538222412791711 0.22171956344477203 1.2314814814814816 0.17282884813844571 11.500000000000002 40.613572296468085 0.56590719688035607 0.46446608946608953 41.578520452727048 92.903003485290654 49.500000000000007 2.6580882352941182 -7.2298575813053363 0.64777785886302286 0.46580160077613392 0.29647715782700623
decision_type=2 2 2 2 2 2 10 2 2 10 2 2 2 2 2 2 2
left_child=2 4 3 -1 15 6 -6 8 -5 -8 11 -4 -11 -13 -15 16 -2
right_child=1 -3 10 7 5 -7 9 -9 -10 12 -12 13 -14 14 -16 -17 -18
leaf_value=0.025514462881762054 0.026676915269345049 -0.045145205344306306 -0.034813784855988718 -0.020670236879959704 0.037437438262675544 0.056917208878855624 -0.043336863368749617 -0.09733707316530249 -0.085245994925498961 -0.0069940305991622155 -0.04269539082179899 -0.0062612877939553823 0.033835636576016744 0.044195632734529984 -0.00042232088744640354 0.083468016516417276 0.07003414098705564
leaf_weight=23 20 32 31 32 38 28 20 24 20 32 23 34 21 36 29 20 21
leaf_count=23 20 32 31 32 38 28 20 24 20 32 23 34 21 36 29 20 21
internal_value=0 0.020971 -0.019091 -0.041572 0.0315496 0.0189662 0.00939302 -0.0618744 -0.0455071 -0.00520545 -0.00454451 0.00220526 0.00918376 0.0137971 0.0242892 0.0602232 0.0488843
internal_weight=0 232 252 99 200 139 111 76 52 73 153 130 53 99 65 61 41
internal_count=484 232 252 99 200 139 111 76 52 73 153 130 53 99 65 61 41
is_linear=0
shrinkage=0.05


Tree=15
num_leaves=18
num_cat=0
split_feature=16 8 15 5 18 11 3 4 3 3 24 8 14 15 9 25 15
split_gain=63.697 60.506 36.7511 25.9318 27.507 23.7683 26.7934 19.1327 21.8285 16.8611 14.196 14.5832 13.6034 19.7379 13.451 10.9687 8.22682
threshold=0.89519450800915346 0.20353684428564034 7.7678069353327093 11.500000000000002 94.41489112903227 2.7991416309012878 178.50000000000003 26.500000000000004 139.50000000000003 149.50000000000003 4.360121026732279 0.23887201162329946 0.25672228592824886 8.5986837411714365 0.76769794798755087 3893.5057149260424 10.001960784313727
decision_type=2 2 2 2 2 2 2 2 2 2 2 2 2 2 2 2 2
left_child=1 7 5 4 10 -3 -7 -1 -9 14 11 16 13 -13 -2 -14 -4
right_child=9 2 3 -5 -6 6 -8 8 -10 -11 -12 12 15 -15 -16 -17 -18
leaf_value=-0.0099928342178463945 0.038658373057842255 0.080009921044111254 0.03516595747233147 0.030437876045321804 -0.063180843902053307 -0.029193164221942427 0.046032831909994049 -0.10784232664853335 -0.038362454995512968 0.010191146484934369 0.03037769824943759 -0.040988750922094502 -0.056061794611570598 0.020326769351959231 0.091595079600811008 -0.016186917716903348 -0.008586186659985371
leaf_weight=20 30 20 21 39 25 20 29 20 26 26 22 21 34 35 20 35 22
leaf_count=20 30 20 21 39 25 20 29 20 26 26 22 21 34 35 20 35 22
internal_value=0 -0.00719629 0.00171756 -0.0070729 -0.0138772 0.0340766 0.0153283 -0.0508201 -0.0685711 0.0428503 -0.00738985 -0.0123356 -0.0209758 -0.00266655 0.0598331 -0.0358354 0.0127811
internal_weight=0 389 323 254 215 69 49 66 46 76 190 168 125 56 50 69 43
internal_count=465 389 323 254 215 69 49 66 46 76 190 168 125 56 50 69 43
is_linear=0
shrinkage=0.05


Tree=16
num_leaves=17
num_cat=0
split_feature=21 24 1 16 14 15 18 11 16 17 21 13 18 18 11 8
split_gain=61.4849 43.1642 44.0284 29.0718 26.6972 25.3863 19.4138 24.9224 16.1241 15.8115 11.4447 9.17275 7.7632 7.57196 7.12062 5.38153
threshold=0.67653412740117957 1.3902243589743593 46.875796942210705 0.64201533239253983 0.26854664729450101 11.258143685854531 93.22898773938924 2.5391325785591023 0.74404424276800918 0.38801834130781504 0.55039109715603607 -0.028518085059897131 87.145934115312812 86.638488562091524 4.3166129412689687 0.27416208791208801
decision_type=2 2 10 2 2 2 2 2 2 2 2 2 2 2 2 2
left_child=1 -1 3 -3 8 6 7 -2 -5 11 -6 -9 -12 -13 -15 -10
right_child=5 2 -4 4 10 -7 -8 9 15 -11 12 13 -14 14 -16 -17
leaf_value=0.044098552748560907 0.073313076471288999 -0.068441301227911658 -0.083730469404586727 0.041372157198687393 -7.1330498094144079e-05 -0.022920924483332786 -0.0084725832514878779 0.0021660186257213354 -0.021416152104735377 -0.0060154042286532268 -0.019240468687244827 0.064324331834264434 -0.058877862227770195 0.017522650785171068 0.051706160038709641 0.013381030363962055
leaf_weight=25 30 23 28 30 23 32 36 20 25 35 21 23 30 39 25 20
leaf_count=25 30 23 28 30 23 32 36 20 25 35 21 23 30 39 25 20
internal_value=0 -0.0178435 -0.0255862 -0.0161209 -0.0080446 0.0185383 0.0249166 0.0319051 0.0129784 0.0231569 -0.0293517 0.0326992 -0.0425566 0.0397184 0.0308756 -0.00595074
internal_weight=0 225 200 172 149 240 208 172 75 142 74 107 51 87 64 45
internal_count=465 225 200 172 149 240 208 172 75 142 74 107 51 87 64 45
is_linear=0
shrinkage=0.05


Tree=17
num_leaves=16
num_cat=0
split_feature=21 24 1 18 9 24 15 14 18 11 13 17 13 21 12
split_gain=55.4901 39.0426 37.2096 25.0295 25.9913 23.8795 30.1718 17.7707 14.0313 22.6924 12.5151 10.8171 9.51565 9.10419 4.38982
threshold=0.67653412740117957 1.2845767575322815 46.875796942210705 80.683762587865218 0.49085265174030784 5.2916666666666679 11.258143685854531 0.26854664729450101 93.22898773938924 2.5391325785591023 -4.4263619860631147 0.38801834130781504 1.6805321104871311 0.58839557621413696 58.76749721586576
decision_type=2 2 10 2 2 2 2 2 2 2 2 2 2 2 2
left_child=1 -1 3 -3 -5 6 8 10 9 -2 -6 12 -11 -9 -14
right_child=5 2 -4 4 7 -7 -8 13 -10 11 -12 -13 14 -15 -16
leaf_value=0.043324139931549627 0.069216250621068939 0.037267340645194054 -0.076540317437772107 -0.061496130839893318 -0.019252821401907847 0.069919989909976721 -0.034664025286148335 -0.0043177781254053115 -0.0080489549682372149 0.0024241916236600707 0.026271671142118674 -0.0057146332093647549 0.047939287221584567 -0.046188670048817389 0.021712146402785071
leaf_weight=24 26 20 29 33 26 20 29 20 36 28 36 35 39 37 27
leaf_count=24 26 20 29 33 26 20 29 20 36 28 36 35 39 37 27
internal_value=0 -0.0169513 -0.0241484 -0.0153149 -0.0222336 0.0176114 0.012856 -0.0113456 0.0200711 0.0266022 0.00718075 0.0180134 0.0268483 -0.0314971 0.03721
internal_weight=0 225 201 172 152 240 220 119 191 155 62 129 94 57 66
internal_count=465 225 201 172 152 240 220 119 191 155 62 129 94 57 66
is_linear=0
shrinkage=0.05


Tree=18
num_leaves=19
num_cat=0
split_feature=16 8 15 5 18 11 3 3 4 3 15 24 8 8 14 8 15 11
split_gain=50.1658 49.6067 28.9943 21.7019 21.7312 20.1775 22.4426 15.0671 15.0295 19.2876 12.3226 11.503 12.2327 10.8885 9.74901 7.66844 7.37144 3.6914
threshold=0.89519450800915346 0.20353684428564034 7.7678069353327093 11.500000000000002 94.538222412791711 2.7991416309012878 178.50000000000003 149.50000000000003 26.500000000000004 139.50000000000003 9.3953346855983799 4.360121026732279 0.23887201162329946 0.27010446028850943 0.31055445689592037 0.25398190045248875 9.9553685881132115 3.6385885432397065
decision_type=2 2 2 2 2 2 2 2 2 2 2 2 2 2 2 2 2 2
left_child=1 8 5 4 11 -3 -7 10 -1 -10 -2 12 16 15 17 -14 -4 -15
right_child=7 2 3 -5 -6 6 -8 -9 9 -11 -12 -13 13 14 -16 -17 -18 -19
leaf_value=-0.0097302622348070158 0.033784792460501194 0.072718839310109626 0.033837473604362456 0.028162709676111359 -0.05830543873750646 -0.027623545452952387 0.041224354948720031 0.0071251501436703476 -0.098563364110887064 -0.033252417926604931 0.084452351592481142 0.027144874581559137 -0.019613639358431103 0.02529144258238375 -0.027603622910877069 -0.057002054279049245 -0.0072634880120555564 -0.005086997631005943
leaf_weight=20 30 20 20 39 23 20 29 26 20 26 20 22 32 20 30 24 24 20
leaf_count=20 30 20 20 39 23 20 29 26 20 26 20 22 32 20 30 24 24 20
internal_value=0 -0.00641593 0.00165523 -0.00615265 -0.0123773 0.0303973 0.0131232 0.037998 -0.0459157 -0.0616485 0.0540518 -0.00687548 -0.0112781 -0.019204 -0.00605743 -0.0356372 0.0114188 0.0101022
internal_weight=0 389 323 254 215 69 49 76 66 46 50 192 170 126 70 56 44 40
internal_count=465 389 323 254 215 69 49 76 66 46 50 192 170 126 70 56 44 40
is_linear=0
shrinkage=0.05


Tree=19
num_leaves=18
num_cat=0
split_feature=21 24 1 16 14 24 15 16 18 11 15 14 17 13 16 8 13
split_gain=47.4973 33.2932 34.3887 23.6214 20.8133 20.4528 25.8234 14.8565 11.8501 19.0671 10.1818 10.6726 9.68406 8.36901 5.97105 4.51707 3.74263
threshold=0.67653412740117957 1.3902243589743593 46.875796942210705 0.64201533239253983 0.26854664729450101 5.2916666666666679 11.258143685854531 0.74404424276800918 93.22898773938924 2.5391325785591023 10.466612100129597 0.41043950517952338 0.38801834130781504 1.6805321104871311 0.8819659442724459 0.27416208791208801 5.8324963965994421
decision_type=2 2 10 2 2 2 2 2 2 2 2 2 2 2 2 2 2
left_child=1 -1 3 -3 7 6 8 -5 9 -2 -6 -12 13 -11 16 -9 -15
right_child=5 2 -4 4 10 -7 -8 15 -10 12 11 -13 -14 14 -16 -17 -18
leaf_value=0.038697164759272713 0.063611607540112289 -0.061299440621033964 -0.073889616872682903 0.038959135194309061 -0.056146470643579964 0.064683742169290778 -0.032089911324196849 -0.020634504646062854 -0.0072945265099406244 0.0021307402290403842 0.0095566976703703403 -0.03502255694876457 -0.0057742261247975485 0.030805240753530101 0.013484885285354473 0.011245598355308176 0.059970237087294334
leaf_weight=25 26 23 28 30 20 20 29 25 36 28 25 29 35 22 22 20 22
leaf_count=25 26 23 28 30 20 20 29 25 36 28 25 29 35 22 22 20 22
internal_value=0 -0.0157032 -0.0225032 -0.014138 -0.006858 0.0162736 0.0118726 0.0117043 0.0185476 0.0245496 -0.0256712 -0.014384 0.0166767 0.0250361 0.0347535 -0.00646557 0.0453877
internal_weight=0 225 200 172 149 240 220 75 191 155 74 54 129 94 66 45 44
internal_count=465 225 200 172 149 240 220 75 191 155 74 54 129 94 66 45 44
is_linear=0
shrinkage=0.05


Tree=20
num_leaves=18
num_cat=0
split_feature=24 21 24 15 8 24 6 15 21 12 13 19 7 5 7 13 19
split_gain=56.6425 45.2129 34.7268 29.4866 25.9731 19.704 18.5331 16.5836 16.5567 18.4178 15.9441 25.3357 13.5484 11.7913 8.04498 6.55838 10.2566
threshold=5.4229691876750712 0.61246047714860608 1.2314814814814816 11.190023869469968 0.21540032517745969 1.7351315287838356 8.0890774130601208 6.5113947696139478 0.79117456197274505 57.317075436175806 -4.4263619860631147 14.145833333333334 0.022803333357059617 7.5000000000000009 0.023227713691128974 3.8662810814284465 11.977272727272728
decision_type=2 2 2 2 2 2 2 2 2 2 2 2 10 2 10 2 2
left_child=1 2 -1 5 12 -3 -7 -8 9 15 11 -6 -4 -5 -11 16 -9
right_child=-2 3 4 13 10 6 7 8 -10 14 -12 -13 -14 -15 -16 -17 -18
leaf_value=0.030211152017116549 0.074001754271901324 0.055418147852081649 -0.038404914641752844 -0.045236372729313787 -0.074837591778486964 0.046266656719586435 0.048089429523263665 -0.019809767762450754 0.03216195124208325 -0.057082685157656667 0.02207729933783412 -0.0039159271729123949 -0.092204785795713021 0.0033065728758546438 -0.013722826022168864 0.029562154234471644 0.018531094907049205
leaf_weight=25 27 30 25 29 20 34 21 37 34 20 20 34 22 22 23 22 33
leaf_count=25 27 30 25 29 20 34 21 37 34 20 20 34 22 22 23 22 33
internal_value=0 -0.000554675 -0.0234363 0.0103985 -0.0345205 0.0173648 0.0122683 0.00618441 0.000977277 -0.00687664 -0.0160587 -0.0301832 -0.0635878 -0.0242963 -0.0338902 0.00574926 -0.00173479
internal_weight=0 451 146 305 121 254 224 190 169 135 74 54 47 51 43 92 70
internal_count=478 451 146 305 121 254 224 190 169 135 74 54 47 51 43 92 70
is_linear=0
shrinkage=0.05


Tree=21
num_leaves=18
num_cat=0
split_feature=24 21 24 15 8 24 6 15 21 12 1 25 24 5 6 25 14
split_gain=51.1199 40.8047 31.341 26.6116 23.4407 17.7828 16.7261 14.9667 14.9424 16.6221 12.2274 11.5845 12.4247 10.6417 7.88243 6.37665 6.12428
threshold=5.4229691876750712 0.61246047714860608 1.2314814814814816 11.190023869469968 0.21540032517745969 1.7351315287838356 8.0890774130601208 6.5113947696139478 0.79117456197274505 57.317075436175806 43.88190147532228 3149.9875409836072 3.0303643724696361 7.5000000000000009 14.735413591002693 11613.691715870462 0.19292069027181691
decision_type=2 2 2 2 2 2 2 2 2 2 10 2 2 2 2 2 2
left_child=1 2 -1 5 10 -3 -7 -8 9 15 -4 -6 -13 -5 -11 16 -9
right_child=-2 3 4 13 11 6 7 8 -10 14 -12 12 -14 -15 -16 -17 -18
leaf_value=0.028700595431029798 0.070301666869609453 0.052647241366406285 -0.087594547143883331 -0.042974553414588348 -0.036713550798594952 0.043953323473825176 0.045684958568641118 0.037106590673682237 0.030553853730945026 -0.053110990774902438 -0.036484669750556351 -0.024883287269622089 0.030849823402240874 0.0031412446194074373 -0.010284427287323136 -0.011731010027955671 0.0033000388862313452
leaf_weight=25 27 30 22 29 34 34 21 21 34 22 25 20 20 22 21 34 37
leaf_count=25 27 30 22 29 34 34 21 21 34 22 25 20 20 22 21 34 37
internal_value=0 -0.000526941 -0.0222645 0.00987856 -0.0327944 0.0164965 0.0116549 0.00587519 0.000928413 -0.00653281 -0.0604084 -0.0152558 0.00298327 -0.0230815 -0.0321957 0.0054618 0.0155403
internal_weight=0 451 146 305 121 254 224 190 169 135 47 74 40 51 43 92 58
internal_count=478 451 146 305 121 254 224 190 169 135 47 74 40 51 43 92 58
is_linear=0
shrinkage=0.05


Tree=22
num_leaves=19
num_cat=0
split_feature=24 21 24 8 8 24 5 14 5 13 13 8 1 13 25 19 13 8
split_gain=46.1357 36.8262 28.2852 21.1552 19.9632 20.6316 16.516 15.3652 15.4951 14.6525 22.5887 11.4686 11.0352 6.72628 12.1691 6.62296 5.7087 4.54967
threshold=5.4229691876750712 0.61246047714860608 1.2314814814814816 0.21540032517745969 0.19344086021505377 1.7791914224184018 11.500000000000002 0.19292069027181691 5.5000000000000009 -4.4263619860631147 -12.192193924470645 0.27315255999306942 43.88190147532228 6.5098742138117789 12017.818181818184 8.8792270531400987 2.8377370404249707 0.26167133520074704
decision_type=2 2 2 2 2 2 2 2 2 2 2 2 10 2 2 2 2 2
left_child=1 2 -1 12 -3 -6 7 11 -9 10 -5 -7 -4 14 17 -8 -13 -10
right_child=-2 4 3 9 5 6 15 8 13 -11 -12 16 -14 -15 -16 -17 -18 -19
leaf_value=0.027265565853565932 0.066786582078094833 -0.030078454665711213 -0.083214819532903772 0.010968288624743847 0.055045575772722566 -0.0043145944774150846 0.014449461437761785 -0.037181156917358751 -0.0030887360599907965 0.022065781475976112 -0.054846921219723302 0.020024410087318673 -0.034660435646772389 0.022119104597837697 0.023489484062884005 0.052720777153109133 0.056891918395246779 -0.033720003137433972
leaf_weight=25 27 29 22 22 27 25 20 32 22 20 32 21 25 31 24 26 21 27
leaf_count=25 27 29 22 22 27 25 20 32 22 20 32 21 25 31 24 26 21 27
internal_value=0 -0.000500594 -0.0211512 -0.0311547 0.00938463 0.0135311 0.00902955 0.00289965 -0.00675551 -0.014493 -0.0280333 0.0224982 -0.057388 0.00260623 -0.00568006 0.0360811 0.0384582 -0.0199672
internal_weight=0 451 146 121 305 276 249 203 136 74 54 67 47 104 73 46 42 49
internal_count=478 451 146 121 305 276 249 203 136 74 54 67 47 104 73 46 42 49
is_linear=0
shrinkage=0.05


Tree=23
num_leaves=18
num_cat=0
split_feature=24 21 24 15 4 8 24 6 25 24 15 21 12 19 6 25 14
split_gain=41.6375 33.2356 25.5274 22.744 20.1173 21.0668 15.0183 14.4607 12.9674 13.9263 12.9024 13.0081 14.7584 9.93641 7.2808 6.15566 4.96749
threshold=5.4229691876750712 0.61246047714860608 1.2314814814814816 11.190023869469968 33.000000000000007 0.25869686317447516 1.7351315287838356 8.0890774130601208 3673.5521364795923 3.0303643724696361 6.5113947696139478 0.79117456197274505 57.317075436175806 9.2007352941176475 14.735413591002693 11613.691715870462 0.19292069027181691
decision_type=2 2 2 2 2 2 2 2 2 2 2 2 2 2 2 2 2
left_child=1 2 -1 6 -4 8 -3 -8 -6 -10 -9 12 15 -5 -14 16 -12
right_child=-2 3 4 13 5 -7 7 10 9 -11 11 -13 14 -15 -16 -17 -18
leaf_value=0.025902287252247337 0.063447254289079588 0.048255713681379958 -0.07541201706975699 -0.0015529760159552098 -0.05783981012209552 0.019290163829922678 0.040615774910239613 0.042172660714104061 -0.04168707481585443 0.014805775405839086 0.034283101179503971 0.02825856939615572 -0.05062712884762071 -0.045906380296725301 -0.0094673611445441133 -0.011934506986290217 0.0038362796141489133
leaf_weight=25 27 30 20 28 32 25 34 21 24 20 21 34 22 23 21 34 37
leaf_count=25 27 30 20 28 32 25 34 21 24 20 21 34 22 23 21 34 37
internal_value=0 -0.000475564 -0.0200937 0.0089154 -0.029597 -0.0205247 0.0150336 0.0105842 -0.0336217 -0.0160085 0.00521011 0.000617125 -0.00634442 -0.0215555 -0.0305258 0.00495776 0.0148601
internal_weight=0 451 146 305 121 101 254 224 76 44 190 169 135 51 43 92 58
internal_count=478 451 146 305 121 101 254 224 76 44 190 169 135 51 43 92 58
is_linear=0
shrinkage=0.05


Tree=24
num_leaves=20
num_cat=0
split_feature=24 13 8 13 6 25 14 5 15 11 19 0 24 11 17 3 13 0 15
split_gain=37.5778 30.6549 29.3276 22.5934 22.1038 16.0825 20.0632 15.4914 16.6466 14.7514 12.4517 14.3667 13.0383 5.39882 4.87098 3.25932 2.41515 2.77485 1.28115
threshold=5.4229691876750712 -3.5379393391742 0.19344086021505377 15.271163960309115 10.941629712837626 39.925000000000004 0.3718163177206994 11.500000000000002 6.7196470588235302 2.099180327868853 9.1017316017316023 58.11714114973158 2.4337033666969976 3.256895208414492 0.32428337428337434 281.50000000000006 -14.787112273365127 41.843294133660002 9.6256868131868156
decision_type=2 2 2 2 2 2 2 2 2 2 2 2 2 2 2 2 2 2 2
left_child=1 4 9 7 5 -1 16 8 -4 -3 12 13 -10 -12 -15 -9 -7 -18 -14
right_child=-2 2 3 -5 -6 6 -8 15 10 -11 11 -13 18 14 -16 -17 17 -19 -20
leaf_value=-0.046558766912382386 0.0602748909758197 -0.0016452338377183134 0.045778072696356552 0.058505433683211983 -0.06883610010147094 -0.0012048729610714046 -0.041062785964459184 0.023375610270253991 0.043625235614868314 -0.060232059464934068 -0.017559472993016242 -0.035855597271942173 -0.010804614238440991 -0.0021235482084254425 0.02927380143886521 0.050620570388578236 0.031082846775003104 0.0059441689113598501 0.007091992003261112
leaf_weight=26 27 22 21 26 20 22 24 23 26 21 25 39 20 30 21 21 23 21 20
leaf_count=26 27 22 21 26 20 22 24 23 26 21 25 39 20 30 21 21 23 21 20
internal_value=0 -0.000451786 0.00811357 0.0141796 -0.0202907 -0.0119208 -0.00191423 0.00949473 0.00363877 -0.0302574 -0.00125032 -0.0111853 0.0160607 0.00147443 0.0108048 0.0363789 0.0123216 0.0190848 -0.00185631
internal_weight=0 451 315 272 136 116 90 246 202 43 181 115 66 76 51 44 66 44 40
internal_count=478 451 315 272 136 116 90 246 202 43 181 115 66 76 51 44 66 44 40
is_linear=0
shrinkage=0.05


Tree=25
num_leaves=19
num_cat=0
split_feature=24 8 4 19 18 15 14 8 17 24 15 1 16 0 24 10 0 5
split_gain=38.2095 32.3548 32.5837 24.0349 25.9177 21.0744 20.851 20.4848 13.6914 12.7788 10.6803 9.12726 10.6974 6.84637 6.26639 5.11718 4.91904 0.927285
threshold=5.4229691876750712 0.25601630338472453 49.500000000000007 9.1017316017316023 94.779708133782066 9.735524891774892 0.19453067257945308 0.18586907193101887 0.33008174516420324 2.4480709507883427 7.5789007092198588 42.854197617971501 0.76415598290598297 33.796955628832585 3.3313577586206899 3.297260501232893 45.429424242424254 9.5000000000000018
decision_type=2 2 2 2 2 2 2 2 2 2 2 10 2 2 2 10 2 2
left_child=1 3 6 7 5 8 -3 -1 -5 -9 -4 14 -13 -7 15 -12 -15 -14
right_child=-2 2 10 4 -6 13 -8 9 -10 -11 11 12 17 16 -16 -17 -18 -19
leaf_value=-0.028199540259426132 0.060967053667358731 0.0060316732153296478 0.044228066547828564 -0.027862445442449479 -0.066880301875727521 -0.061576305180788042 -0.065303059809264694 0.040627166475443281 0.022938347550936874 -0.005447116295410389 -0.0044160262814589906 0.027101799363101073 -0.0084122566832229486 -0.0078182483185082665 0.044077859060079966 0.029380827800681193 -0.040284835350965817 -0.023455582594587691
leaf_weight=34 23 20 34 21 35 20 21 34 36 27 21 22 20 20 27 24 28 21
leaf_count=34 23 20 34 21 35 20 21 34 36 27 21 22 20 20 27 24 28 21
internal_value=0 -0.00505287 0.00948074 -0.0170217 -0.02885 -0.0182016 -0.0305056 0.00289965 0.00422227 0.0202336 0.0191816 0.0128736 -0.00102496 -0.036998 0.0250348 0.013609 -0.0267571 -0.0161174
internal_weight=0 465 210 255 160 125 41 95 57 61 169 135 63 68 72 45 48 41
internal_count=488 465 210 255 160 125 41 95 57 61 169 135 63 68 72 45 48 41
is_linear=0
shrinkage=0.05


Tree=26
num_leaves=19
num_cat=0
split_feature=24 6 14 5 8 8 6 3 19 19 4 17 9 10 3 8 11 14
split_gain=35.2111 31.4328 28.085 18.8607 13.4193 12.2944 14.0995 16.1619 12.2691 10.2559 10.2163 9.44844 9.25906 8.14227 7.73534 8.42504 4.34144 4.15978
threshold=4.3245614035087732 4.1685223617472689 0.26762234413096486 5.5000000000000009 0.27374686716791991 0.19344086021505377 12.92458121629382 151.50000000000003 8.2386363636363651 11.03846153846154 70.500000000000014 0.42319978898625482 0.61239987097467885 3.0106271794766939 262.50000000000006 0.27934552199258084 2.5647342995169082 0.16700268817204303
decision_type=2 2 2 2 2 2 2 2 2 2 2 2 2 10 2 2 2 2
left_child=1 -1 5 13 8 -3 7 -7 -5 -2 16 12 -10 -4 17 -16 -8 -9
right_child=9 2 3 4 -6 6 10 14 11 -11 -12 -13 -14 -15 15 -17 -18 -19
leaf_value=-0.064627157287164172 0.017834512669859189 -0.027760144748858046 -0.018095956755463372 0.0067426045890897519 0.019363373507346428 -0.036634341335814932 0.054096230385558941 0.0080468615144491194 -0.038708436472908309 0.063454120707782835 0.004750897700432688 -0.058239392377436167 0.0072120194279012232 -0.057133811287691488 -0.024683833355084062 0.017664415490530109 0.026493860704117807 0.038640184849500658
leaf_weight=22 28 21 22 36 35 23 28 20 23 22 32 20 21 34 24 23 29 25
leaf_count=22 28 21 22 36 35 23 28 20 23 22 32 20 21 34 24 23 29 25
internal_value=0 -0.00638204 -0.00330177 -0.0174023 -0.0072828 0.00866802 0.012418 0.0008541 -0.016609 0.0379071 0.0273601 -0.0297442 -0.0167919 -0.0417975 0.0102262 -0.00396022 0.0400529 0.0250432
internal_weight=0 438 416 191 135 225 204 115 100 50 89 64 44 56 92 47 57 45
internal_count=488 438 416 191 135 225 204 115 100 50 89 64 44 56 92 47 57 45
is_linear=0
shrinkage=0.05


Tree=27
num_leaves=17
num_cat=0
split_feature=24 8 4 19 18 14 8 0 4 8 17 1 1 14 3 5
split_gain=32.4635 26.68 28.2484 20.5704 22.0853 17.8847 17.0755 15.5379 11.8455 10.8045 9.42698 8.42572 14.3475 8.83546 7.31037 7.25754
threshold=5.4229691876750712 0.25601630338472453 49.500000000000007 9.1017316017316023 94.779708133782066 0.19453067257945308 0.18586907193101887 33.125544497187768 61.500000000000007 0.2424887169568021 0.33008174516420324 42.854197617971501 43.780447657975579 0.20190990065090789 144.50000000000003 10.500000000000002
decision_type=2 2 2 2 2 2 2 2 2 2 2 10 10 2 2 2
left_child=1 3 5 6 7 -3 -1 -5 -8 10 -9 13 -13 -4 -12 -15
right_child=-2 2 11 4 -6 -7 8 9 -10 -11 14 12 -14 15 -16 -17
leaf_value=-0.025452598436352086 0.056233591387939201 0.0051849193125963217 0.048483199050480673 -0.051858434084802868 -0.061537558308669506 -0.060881155347895059 0.043492128735804866 -0.019429794218964305 -0.00086774642592953423 -0.03068591230411959 -0.0021316388482227923 -0.015900125225576069 0.027564053559625476 0.0025625334700217117 0.040618714354932306 0.038328968571579976
leaf_weight=34 23 20 33 25 35 21 27 26 34 34 20 39 37 37 20 23
leaf_count=34 23 20 33 25 35 21 27 26 34 34 20 39 37 37 20 23
internal_value=0 -0.00462011 0.00857755 -0.0154888 -0.0264314 -0.0286538 0.00294101 -0.0166017 0.018767 -0.00778754 0.00400859 0.01761 0.00526007 0.0277024 0.0192435 0.016273
internal_weight=0 465 210 255 160 41 95 125 61 100 66 169 76 93 40 60
internal_count=488 465 210 255 160 41 95 125 61 100 66 169 76 93 40 60
is_linear=0
shrinkage=0.05


Tree=28
num_leaves=19
num_cat=0
split_feature=24 14 5 9 24 18 24 17 11 3 4 4 3 1 17 1 9 15
split_gain=29.891 23.7211 20.3529 13.9627 14.2442 9.85839 21.1791 9.92971 8.48758 7.90424 17.7968 10.1249 7.63706 7.0932 5.12138 3.7078 3.20776 2.72177
threshold=4.7525252525252535 0.26762234413096486 10.500000000000002 0.50599666189794956 2.598969072164949 93.94353845649897 1.6803066724941729 0.2914272030651342 2.7466216216216224 69.000000000000014 47.500000000000007 59.500000000000007 177.50000000000003 42.779440389371302 0.34627953745600809 42.422573142008879 0.65357435154872834 10.833147746586183
decision_type=2 2 2 2 2 2 2 2 2 2 2 2 2 10 2 10 2 2
left_child=1 3 5 4 -1 7 -7 -3 -9 -5 -11 -12 -13 14 -14 -4 -15 -10
right_child=-2 2 15 9 -6 6 -8 8 17 10 11 12 13 16 -16 -17 -18 -19
leaf_value=0.0068784934796646928 0.040919438092724275 -0.038929100704656265 0.027546301621478055 0.039842406518402554 -0.05142410955391824 -0.01073413238239785 -0.075869437507711926 -0.03005565588290875 -0.0057398044131696229 -0.031720191091299053 0.037403227474008288 -0.018387883385488146 0.011779268806179365 0.010792077468384219 0.043139319048951505 -0.00085773795015282113 -0.016587452595849757 0.018373853662474592
leaf_weight=22 38 37 20 21 20 24 26 26 25 25 35 24 30 23 23 27 20 22
leaf_count=22 38 37 20 21 20 24 26 26 25 25 35 24 30 23 23 27 20 22
internal_value=0 -0.00526037 -0.0176983 0.00533492 -0.0208847 -0.0261957 -0.0446045 -0.0178281 -0.00713311 0.0108136 0.00742695 0.013741 0.00683952 0.0131464 0.0253883 0.0112291 -0.00194259 0.00554744
internal_weight=0 450 207 243 42 160 50 110 73 201 180 155 120 96 53 47 43 47
internal_count=488 450 207 243 42 160 50 110 73 201 180 155 120 96 53 47 43 47
is_linear=0
shrinkage=0.05


Tree=29
num_leaves=19
num_cat=0
split_feature=15 17 10 21 5 22 15 5 15 14 25 17 0 6 17 15 1 16
split_gain=25.4868 20.0079 21.2254 15.1128 16.2733 12.8084 14.3042 12.5866 9.07451 11.9892 11.5147 7.10922 6.46841 5.95214 5.50753 5.19577 4.23085 3.5958
threshold=10.694475859069163 0.60410216718266263 4.3853478784158355 0.75040453074433666 5.5000000000000009 0.26791549953314664 7.3963186655162509 4.5000000000000009 10.245139911634757 0.26854664729450101 -62490.674171842642 0.43571428571428578 59.176167284822803 10.881654783134339 0.30820856995353646 8.7447943335040126 44.117765522262339 0.8819659442724459
decision_type=2 2 10 2 2 2 2 2 2 2 2 2 2 2 2 2 10 2
left_child=1 2 5 4 -2 12 13 -8 9 10 -9 14 -1 -7 -6 -4 -12 -14
right_child=3 -3 15 -5 11 6 7 8 -10 -11 16 -13 17 -15 -16 -17 -18 -19
leaf_value=0.038341254339708641 -0.059029348953415384 -0.043528534621000294 0.02335579480568413 0.011162578317868923 -0.020918278169372809 0.041481244493098486 -0.044396047650471976 -0.031495840167221817 0.018946030639926906 -0.036667364034237281 0.020700198507590875 -0.040314739160239699 0.023890008814632893 0.0033681769017130138 0.014957692841999232 0.054511480989015627 -0.0056186170396708458 -0.004816026811022312
leaf_weight=30 33 20 32 28 23 21 23 23 32 33 37 20 20 20 20 23 26 24
leaf_count=30 33 20 32 28 23 21 23 23 32 33 37 20 20 20 20 23 26 24
internal_value=0 0.00508808 0.00791463 -0.0211587 -0.0305857 0.00249648 -0.00367893 -0.00993931 -0.00469093 -0.0110471 -0.00121606 -0.0156867 0.0204386 0.0228895 -0.00423178 0.0363845 0.00983847 0.00823217
internal_weight=0 364 344 124 96 289 215 174 151 119 86 63 74 41 43 55 63 44
internal_count=488 364 344 124 96 289 215 174 151 119 86 63 74 41 43 55 63 44
is_linear=0
shrinkage=0.05


Tree=30
num_leaves=18
num_cat=0
split_feature=9 3 8 13 19 5 18 19 7 11 9 25 15 11 5 24 25
split_gain=31.7202 19.0122 31.2552 24.9575 19.0018 15.9822 12.1973 41.6535 10.9019 10.3411 8.84401 9.19394 8.0255 7.24865 5.98503 5.1651 4.32478
threshold=0.81652979917066448 16.500000000000004 0.19344086021505377 -3.5379393391742 9.6056201550387623 6.5000000000000009 93.22898773938924 11.449891067538127 0.022963236003322927 3.4211623467952585 0.60612764816304654 5131.306821705427 7.5789007092198588 2.7951071853910285 7.5000000000000009 2.9362824675324677 7962.8597074272975
decision_type=2 2 2 2 2 2 2 2 10 2 2 2 2 2 2 2 2
left_child=1 -1 5 4 -4 -3 8 -8 13 14 11 -6 -11 -5 -10 -14 -15
right_child=-2 2 3 6 10 -7 7 -9 9 12 -12 -13 15 16 -16 -17 -18
leaf_value=0.045552933664823124 0.052532193274002506 -0.058630252256989479 -0.061117594502866274 0.059118594559840858 -0.034137679749366011 -0.0082058432737054914 0.023971332537217272 -0.064636530922282318 -0.027007426352550587 0.045660721993243156 0.02214950503781438 0.004451065602037927 -0.0031566479349170225 0.035975351553809432 0.0083037733255575102 0.025035894237225877 0.0055329635599628097
leaf_weight=22 31 33 20 20 33 30 36 21 24 22 20 29 33 28 24 32 20
leaf_count=22 31 33 20 20 33 30 36 21 24 22 20 29 33 28 24 32 20
internal_value=0 0.000230282 -0.00211583 0.00354073 -0.0174198 -0.0346186 0.0117637 -0.00867367 0.0175023 0.00927872 -0.00676186 -0.0160881 0.0195576 0.0338285 -0.00935183 0.0107228 0.023291
internal_weight=0 447 425 362 102 63 260 57 203 135 82 62 87 68 48 65 48
internal_count=478 447 425 362 102 63 260 57 203 135 82 62 87 68 48 65 48
is_linear=0
shrinkage=0.05


Tree=31
num_leaves=18
num_cat=0
split_feature=9 15 8 13 15 4 16 11 19 9 9 25 1 17 15 19 16
split_gain=28.6275 17.3197 18.9364 16.5864 14.797 12.5953 10.571 9.26057 7.41253 12.8114 11.6787 10.8455 9.25301 10.5237 6.07791 3.71183 4.51904
threshold=0.81652979917066448 7.3963186655162509 0.19344086021505377 -6.971327363296985 10.546676769863609 24.500000000000004 0.81181018799272298 2.8570175438596497 10.716374269005849 0.60612764816304654 0.65357435154872834 2499.0360190763058 44.175413434781071 0.32180851063829791 10.833147746586183 9.1017316017316023 0.84628226531398487
decision_type=2 2 2 2 2 2 2 2 2 2 2 2 10 2 2 2 2
left_child=1 6 5 4 -4 -3 -1 -8 12 -10 -11 -12 13 -5 -7 16 -15
right_child=-2 2 3 8 -6 14 7 -9 9 10 11 -13 -14 15 -16 -17 -18
leaf_value=-0.00089218735370333454 0.049905583291735139 -0.00014537201301815611 -0.0049747993262150353 0.032420461192460996 -0.057872411139542237 -0.065478993263095628 0.061890354752540594 0.017664827472241275 -0.036983529850840573 0.0392696840222925 0.015414230733045509 -0.024236023443429934 0.036751736950661459 0.020848272244135539 -0.026965360982077465 -0.02212103094905615 -0.010336734698368953
leaf_weight=33 31 24 39 28 20 20 20 29 22 20 35 34 35 21 21 20 26
leaf_count=33 31 24 39 28 20 20 20 29 22 20 35 34 35 21 21 20 26
internal_value=0 0.000218768 -0.00444618 0.000854952 -0.0229062 -0.0289129 0.0209835 0.0357161 0.006672 -0.00281775 0.00562772 -0.00412358 0.0147748 0.00667801 -0.0457525 -0.00408003 0.00359699
internal_weight=0 447 365 300 59 65 82 49 241 111 89 69 130 95 41 67 47
internal_count=478 447 365 300 59 65 82 49 241 111 89 69 130 95 41 67 47
is_linear=0
shrinkage=0.05


Tree=32
num_leaves=18
num_cat=0
split_feature=9 3 8 13 19 15 13 11 3 1 1 5 13 3 8 0 6
split_gain=25.8363 16.6766 25.8662 16.4302 22.1509 13.2076 12.5876 8.80805 13.3161 10.9853 10.2092 7.48684 6.434 8.80101 10.5868 3.77324 2.27062
threshold=0.81652979917066448 16.500000000000004 0.16043239533287582 -3.5379393391742 9.3741258741258751 10.466612100129597 5.4371942318945985 4.8254686137750662 195.00000000000003 43.679724082958408 43.014890812506252 7.5000000000000009 -14.787112273365127 175.50000000000003 0.26935564435564441 52.29084357476976 11.747735635344426
decision_type=2 2 2 2 2 2 2 2 2 10 10 2 2 2 2 2 2
left_child=1 -1 -3 4 -4 7 15 8 10 16 -5 -12 -6 -14 -15 -7 -10
right_child=-2 2 3 5 12 6 -8 -9 9 -11 11 -13 13 14 -16 -17 -18
leaf_value=0.042655383135107437 0.047410304195457893 -0.04757116679905047 -0.062290622815489777 0.0020308188809495835 -0.027598015664388305 0.024049451760947707 -0.031140528443372912 0.039808497317135337 0.020433722757401743 -0.033198013467093307 0.022895536268448556 0.060689861960709093 0.031012871600687504 -0.029148267276052922 0.015159927652432369 -0.005264871454109317 -0.0010029137406187753
leaf_weight=22 31 29 20 36 23 21 36 30 21 24 38 20 20 28 26 23 30
leaf_count=22 31 29 20 36 23 21 36 30 21 24 38 20 20 28 26 23 30
internal_value=0 0.000207829 -0.00198946 0.0013486 -0.0143787 0.0079439 -0.00921391 0.0148415 0.0104095 -0.00530309 0.0229461 0.0359281 -0.0044999 0.00267924 -0.00781469 0.00872606 0.00782394
internal_weight=0 447 425 396 117 279 80 199 169 75 94 58 97 74 54 44 51
internal_count=478 447 425 396 117 279 80 199 169 75 94 58 97 74 54 44 51
is_linear=0
shrinkage=0.05


Tree=33
num_leaves=18
num_cat=0
split_feature=9 24 18 14 5 16 14 24 18 3 11 3 8 18 4 4 0
split_gain=23.3173 15.4815 52.255 14.3475 19.1442 10.7463 7.26241 6.67394 9.68602 13.4533 10.7176 9.06191 9.61616 7.64986 7.63534 6.75063 6.22006
threshold=0.81652979917066448 1.1700000000000002 96.066268037370449 0.36509446693657227 7.5000000000000009 0.66307471264367823 0.4706893066504953 1.7918785890073834 90.619210265246451 110.50000000000001 2.9187479370667844 153.50000000000003 0.2820562817832965 86.638488562091524 76.500000000000014 89.500000000000014 48.705756736606673
decision_type=2 2 2 2 2 2 2 2 2 2 2 2 2 2 2 2 2
left_child=1 -1 3 5 6 -3 -5 -7 10 -10 -9 -12 15 -14 -11 -13 -6
right_child=-2 2 -4 4 16 7 -8 8 9 14 11 12 13 -15 -16 -17 -18
leaf_value=0.03163815555162728 0.045039789042165206 -0.02437956899404526 -0.081385567970573905 -0.059891436147418889 -0.015292785198173739 0.037680198978632694 -0.019264489695937796 0.042155425353296874 -0.042129853731021287 0.021965109207667411 -0.022402445930056275 -0.013217747157990609 0.047437308169901375 0.010797254567773178 -0.013457053580526103 0.020415381073951723 0.019469876258423734
leaf_weight=36 31 25 20 22 22 20 22 29 20 32 20 37 28 29 29 25 31
leaf_count=36 31 25 20 22 22 20 22 29 20 32 20 37 28 29 29 25 31
internal_value=0 0.000197438 -0.00255649 0.00147568 -0.015199 0.0069772 -0.039578 0.0098914 0.00765937 -0.00654282 0.0145069 0.00873845 0.0139722 0.0287959 0.00512506 0.000343998 0.00504009
internal_weight=0 447 411 391 97 294 44 269 249 81 168 139 119 57 61 62 53
internal_count=478 447 411 391 97 294 44 269 249 81 168 139 119 57 61 62 53
is_linear=0
shrinkage=0.05


Tree=34
num_leaves=18
num_cat=0
split_feature=9 3 8 13 19 5 18 19 22 18 13 9 15 19 19 16 0
split_gain=21.0439 14.1403 22.1908 18.3923 15.8302 13.3922 9.74042 35.2126 10.4553 6.70065 6.56246 7.88197 8.62656 6.70819 6.49729 5.53794 2.95299
threshold=0.81652979917066448 16.500000000000004 0.19344086021505377 -3.5379393391742 9.6056201550387623 6.5000000000000009 93.22898773938924 11.449891067538127 0.3445386064030132 89.689237699056903 3.8662810814284465 0.71453722334004033 10.132435378386797 9.8166666666666682 14.550000000000002 0.80673202278029377 53.025504710806437
decision_type=2 2 2 2 2 2 2 2 2 2 2 2 2 2 2 2 2
left_child=1 -1 5 4 -4 -3 8 -8 10 14 15 -12 13 -13 -6 -5 -17
right_child=-2 2 3 6 9 -7 7 -9 -10 -11 11 12 -14 -15 -16 16 -18
leaf_value=0.039274304089221085 0.042787799527568206 -0.051202913689793961 -0.054947821819223468 -0.021241415437796844 -0.015260697556314646 -0.0050447174751510225 0.021741237889768353 -0.059728360433308848 0.042912669495904242 -0.029695184599785582 0.044462787748678873 0.00084919195784174885 -0.015373513734878295 0.036025150844149971 0.017592649227556059 0.022683199175766538 -0.0019362140157870179
leaf_weight=22 31 33 20 23 27 30 36 21 29 21 23 23 22 33 34 21 29
leaf_count=22 31 33 20 23 27 30 36 21 29 21 23 23 22 33 34 21 29
internal_value=0 0.000187566 -0.00183575 0.00293051 -0.0150632 -0.0292228 0.00998957 -0.00827388 0.0151177 -0.00533522 0.0104852 0.0187405 0.0111557 0.0215779 0.003051 -0.000936378 0.00840394
internal_weight=0 447 425 362 102 63 260 57 203 82 174 101 78 56 61 73 50
internal_count=478 447 425 362 102 63 260 57 203 82 174 101 78 56 61 73 50
is_linear=0
shrinkage=0.05


Tree=35
num_leaves=19
num_cat=0
split_feature=15 21 24 11 11 25 24 15 18 13 25 9 15 19 13 19 4 17
split_gain=20.7627 14.7042 12.5401 12.4473 12.9424 10.0373 10.0495 9.71048 9.48148 16.2741 11.3795 8.90249 10.817 8.5457 6.80517 12.9756 3.43367 3.25992
threshold=10.595358980093939 0.7527254414030099 4.8615728900255766 5.5361849988018221 3.8753010887368728 -207898.60293694455 3.7208547266686804 11.42805702527925 80.683762587865218 -4.4263619860631147 2073.4715037593992 0.64777785886302286 8.842419062091091 7.3355555555555565 6.5098742138117789 10.510000000000002 99.500000000000014 0.35192592592592598
decision_type=2 2 2 2 2 2 2 2 2 2 2 2 2 2 2 2 2 2
left_child=2 3 5 4 7 -1 8 -2 -7 10 -10 12 -11 -13 16 -16 17 -15
right_child=1 -3 -4 -5 -6 6 -8 -9 9 11 -12 13 -14 14 15 -17 -18 -19
leaf_value=-0.020309600826257317 -0.048029813385801395 0.017744949929416179 0.035838520075335646 -0.060413428135216246 0.013677441637963056 0.043179511092603207 -0.018083559018042355 -0.008083076004324289 -0.048104393854737283 0.050707934116944679 0.0034643368552560398 -0.021636251258579167 0.0045492002317173916 -0.022584400456398729 0.049877807511775583 0.0040245566982775932 0.017062985403463245 0.0059634490311145788
leaf_weight=39 32 25 33 20 25 20 36 29 20 30 23 22 22 20 27 36 20 20
leaf_count=39 32 25 33 20 25 20 36 29 20 30 23 22 22 20 27 36 20 20
internal_value=0 -0.0167486 0.00643076 -0.0248839 -0.0166212 0.00353387 0.00667541 -0.0290387 0.0101036 0.00734725 -0.0205211 0.0134302 0.0311792 0.00706502 0.0121986 0.0236759 0.000147345 -0.00831048
internal_weight=0 131 368 106 86 335 296 61 260 240 43 197 52 145 123 63 60 40
internal_count=499 131 368 106 86 335 296 61 260 240 43 197 52 145 123 63 60 40
is_linear=0
shrinkage=0.05


Tree=36
num_leaves=21
num_cat=0
split_feature=14 18 10 7 24 0 0 24 19 7 5 3 15 17 6 11 8 10 6 24
split_gain=21.3481 14.9663 20.3349 19.7143 11.3584 10.7214 13.2095 10.0372 11.208 8.3753 15.2409 5.06855 5.05715 6.1315 8.29616 8.41141 4.85039 3.55669 4.0376 3.16111
threshold=0.36867654573326525 97.277543449197864 5.6092261948968387 0.021383537720839486 5.2916666666666679 46.0996097848369 48.677986425339377 2.598969072164949 14.550000000000002 0.023753314282719762 5.5000000000000009 190.50000000000003 6.7196470588235302 0.4467649110568539 14.829493708326334 3.5475256258174412 0.25263855180245381 3.0256105503881083 9.0469404515315919 3.0798980025499367
decision_type=2 2 10 10 2 2 2 2 2 8 2 2 2 2 2 2 2 10 2 2
left_child=1 2 3 -1 5 7 -7 -5 -9 10 -2 -12 -8 14 15 -14 -13 18 -17 -11
right_child=9 -3 -4 4 -6 6 12 8 -10 19 11 16 13 -15 -16 17 -18 -19 -20 -21
leaf_value=-0.041182991720381236 -0.064861595472320913 -0.031028308622539042 0.052467789188027386 0.021113521866500382 0.045329539086669687 0.049923384970142731 0.028033509295157813 -0.043514608067494853 0.00054945370723162926 -0.013892902930577598 0.0046113846315578985 -0.042678817533887928 -0.018074671211926376 -0.020536832353709976 0.034505690500140192 0.019654862502855915 -0.0078564294800162315 0.02561490210094329 -0.0098221882268822256 0.012938471915929214
leaf_weight=21 20 25 25 20 20 21 27 27 31 21 22 20 34 21 25 21 20 29 26 23
leaf_count=21 20 25 25 20 20 21 27 27 31 21 22 20 34 21 25 21 20 29 26 23
internal_value=0 0.00633908 0.00902352 0.00566096 0.00891832 0.00633597 0.0123644 -0.00943065 -0.0199631 -0.0174655 -0.0269084 -0.0146654 0.00805433 0.00459639 0.00850601 0.00259699 -0.0252676 0.0118448 0.00334841 0.000132588
internal_weight=0 373 348 323 302 282 204 78 58 126 82 62 183 156 135 110 40 76 47 44
internal_count=499 373 348 323 302 282 204 78 58 126 82 62 183 156 135 110 40 76 47 44
is_linear=0
shrinkage=0.05


Tree=37
num_leaves=19
num_cat=0
split_feature=14 18 10 1 0 0 13 8 18 1 5 19 0 13 4 11 14 8
split_gain=19.2667 13.5071 18.3522 17.7922 8.59798 11.5588 10.3025 7.94419 10.3691 7.58758 9.95435 7.35127 5.8153 4.97543 4.95176 4.23033 5.79649 3.19078
threshold=0.36867654573326525 97.277543449197864 5.6092261948968387 46.755024171569822 46.0996097848369 48.677986425339377 -11.896068904875355 0.28271848924022841 92.684527027027045 41.515309081464657 5.5000000000000009 10.844444444444447 59.176167284822803 5.0894832499678841 69.500000000000014 2.8570175438596497 0.23784412104654831 0.2590939153439154
decision_type=2 2 10 8 2 2 2 2 2 10 2 2 2 2 2 2 2 2
left_child=1 2 3 4 6 -6 -1 8 15 -2 -11 -8 13 -9 -12 -7 -17 -16
right_child=9 -3 -4 -5 5 7 11 12 -10 10 14 -13 -14 -15 17 16 -18 -19
leaf_value=0.015211572228754695 0.002437419806783264 -0.029476893462240694 0.049844400487840175 -0.039123841978254775 0.046544388293599089 0.0091373815718624324 -0.043072013333439831 0.019464369194910808 0.027776675195699291 -0.053684916675344786 0.0038792980105980587 -0.0039374353612462677 0.0010826023052568023 0.050893159955739981 -0.0370405043688758 -0.029152862050978001 0.0023044449484182733 -0.0099993998557329194
leaf_weight=37 37 25 25 21 24 27 20 34 28 22 23 30 23 20 24 32 27 20
leaf_count=37 37 25 25 21 24 27 20 34 28 22 23 30 23 20 24 32 27 20
internal_value=0 0.00602213 0.00857234 0.00537791 0.00847241 0.0138391 -0.00479006 0.00972951 0.00134899 -0.0165922 -0.0245034 -0.0195913 0.022137 0.0311047 -0.0149214 -0.00725538 -0.0147571 -0.0247491
internal_weight=0 373 348 323 302 215 87 191 114 126 89 50 77 54 67 86 59 44
internal_count=499 373 348 323 302 215 87 191 114 126 89 50 77 54 67 86 59 44
is_linear=0
shrinkage=0.05


Tree=38
num_leaves=21
num_cat=0
split_feature=14 18 10 1 24 0 0 24 19 1 1 14 8 18 18 13 16 13 12 15
split_gain=17.4098 12.1463 16.6463 16.1459 9.96508 9.20059 10.6816 9.02006 9.19058 7.13927 8.41228 5.62803 5.12574 6.91905 4.36777 4.31797 4.30166 4.19171 4.40764 2.81448
threshold=0.37019724676392035 97.277543449197864 5.7973931052271821 46.755024171569822 5.2916666666666679 46.0996097848369 48.677986425339377 2.598969072164949 14.550000000000002 42.089388241774763 43.093732518984559 0.4706893066504953 0.27416208791208801 92.684527027027045 91.009403983707884 6.5839959001982988 0.88271493212669694 5.6006368599678575 54.327886917116381 11.297145366710586
decision_type=2 2 10 8 2 2 2 2 2 10 10 2 2 2 2 2 2 2 2 2
left_child=1 2 3 4 5 7 -7 -1 -9 19 -11 -12 13 14 15 -8 17 18 -14 -2
right_child=9 -3 -4 -5 -6 6 12 8 -10 10 11 -13 16 -15 -16 -17 -18 -19 -20 -21
leaf_value=0.020263083549507427 0.011776099493727089 -0.028003049328923224 0.050175514489158315 -0.037167649609701973 0.042273660209320954 0.045099997139048012 -0.014441678996967234 -0.039356240097965511 0.00016291362023161305 -0.051168506660244688 -0.03097868326253125 0.00019028155754009885 0.030701718843054206 0.021710983314551416 -0.024761616653547841 0.016196359418656516 -0.0042397444602102043 0.040108554996550083 -9.6512772142887118e-05 -0.013620440196245909
leaf_weight=20 24 25 22 21 20 21 23 28 31 22 28 30 21 26 26 23 20 22 26 20
leaf_count=20 24 25 22 21 20 21 23 28 31 22 28 30 21 26 26 23 20 22 26 20
internal_value=0 0.00566676 0.00807175 0.00524772 0.00814909 0.00577107 0.0112883 -0.00875522 -0.0185919 -0.015945 -0.0248425 -0.0148568 0.00749124 -0.000397539 -0.00838117 0.00087734 0.0161778 0.0220959 0.0136644 0.000232218
internal_weight=0 375 350 328 307 287 208 79 59 124 80 58 187 98 72 46 89 69 47 44
internal_count=499 375 350 328 307 287 208 79 59 124 80 58 187 98 72 46 89 69 47 44
is_linear=0
shrinkage=0.05


Tree=39
num_leaves=21
num_cat=0
split_feature=14 18 10 1 24 0 0 24 19 8 19 1 3 17 11 18 8 12 14 19
split_gain=15.7124 10.9621 15.0323 14.4429 9.09827 8.08108 9.78811 8.1406 8.2945 6.51516 9.18263 8.7823 6.4363 4.58347 7.34818 4.73414 6.65169 4.87858 4.29335 3.257
threshold=0.37019724676392035 97.277543449197864 5.6092261948968387 46.755024171569822 5.2916666666666679 46.0996097848369 48.677986425339377 2.598969072164949 14.550000000000002 0.24542665923034024 8.8373626373626397 42.518964929655077 199.50000000000003 0.44823232323232326 2.788305591122493 92.684527027027045 0.28107308491923882 57.793375883256537 0.23784412104654831 12.929545454545456
decision_type=2 2 10 8 2 2 2 2 2 2 2 10 2 2 2 2 2 2 2 2
left_child=1 2 3 4 5 7 -7 -1 -9 10 -2 -11 -12 14 -8 16 18 19 -16 -18
right_child=9 -3 -4 -5 -6 6 13 8 -10 11 12 -13 -14 -15 15 -17 17 -19 -20 -21
leaf_value=0.01924992955289781 -0.0012199428553382556 -0.026602897152304652 0.045029297852073796 -0.035309266547362016 0.040159978279843932 0.042844995912829684 0.037497480936525836 -0.037388428220791477 0.00015476822492576416 0.015874655420581498 -0.019461272060871126 -0.023061097652784416 -0.058652268756519667 -0.013087667409330607 -0.023995320922855674 0.028244513538666072 0.035350462227411894 -0.0073724044859409341 0.0039857302917740665 0.0077615546155720945
leaf_weight=20 24 25 25 21 20 21 21 28 31 30 20 28 22 25 29 20 23 20 26 20
leaf_count=20 24 25 25 21 20 21 21 28 31 30 20 28 22 25 29 20 23 20 26 20
internal_value=0 0.00538342 0.00766816 0.00479423 0.00756454 0.00526908 0.0105049 -0.00831746 -0.0176623 -0.0151478 -0.0258917 -0.00292192 -0.0399899 0.00681388 0.00994305 0.00574999 0.00193736 0.0130293 -0.0107679 0.0225184
internal_weight=0 375 350 325 304 284 205 79 59 124 66 58 42 184 159 138 118 63 55 43
internal_count=499 375 350 325 304 284 205 79 59 124 66 58 42 184 159 138 118 63 55 43
is_linear=0
shrinkage=0.05


Tree=40
num_leaves=19
num_cat=0
split_feature=16 5 15 17 10 3 19 10 6 14 17 24 25 11 15 9 19 3
split_gain=27.0747 18.2277 20.3389 11.5182 14.4041 12.3317 17.0478 9.66143 9.80848 8.90129 9.93422 7.85521 7.22633 7.26042 5.7888 5.35222 4.09851 7.02476
threshold=0.94969959795816972 11.500000000000002 6.7196470588235302 0.44823232323232326 4.1543119171563712 128.50000000000003 10.744565217391306 3.7599394176995644 11.403859739796829 0.37807592172671539 0.32498826474730097 2.4337033666969976 2828.6748120300758 2.2797058823529412 5.9946236559139789 0.70984424800048129 18.568181818181824 262.50000000000006
decision_type=2 2 2 2 10 2 2 10 2 2 2 2 2 2 2 2 2 2
left_child=1 2 14 4 5 6 -4 8 9 10 16 -10 -5 -14 -1 -3 17 -7
right_child=-2 15 3 12 -6 7 -8 -9 11 -11 -12 -13 13 -15 -16 -17 -18 -19
leaf_value=0.0089829366212582275 0.051062213182449349 0.0094025212975049569 -0.0043012170040089151 -0.047870826708345582 0.034813751596957446 0.02105933135518661 -0.067420037202537073 -0.034848950511735415 0.042622304194374017 -0.030119087089869108 -0.030075089362534609 0.0024304352820880954 0.0052754662509652828 -0.036818342682672665 0.043452890075388412 0.039123693117705576 0.027455117739737037 -0.013251406922936441
leaf_weight=29 25 33 23 29 20 26 20 23 20 33 22 31 21 20 21 28 20 35
leaf_count=29 25 33 23 29 20 26 20 23 20 33 22 31 21 20 21 28 20 35
internal_value=0 -0.00238458 -0.00633167 -0.0106745 -0.00603489 -0.00926404 -0.0336588 -0.00426892 -0.000507735 -0.00752012 -0.000279672 0.018192 -0.0287691 -0.0152581 0.0234603 0.023045 0.00781291 0.00137284
internal_weight=0 454 393 343 273 253 43 210 187 136 103 51 70 41 50 61 81 61
internal_count=479 454 393 343 273 253 43 210 187 136 103 51 70 41 50 61 81 61
is_linear=0
shrinkage=0.05


Tree=41
num_leaves=19
num_cat=0
split_feature=16 5 15 17 10 21 13 6 6 4 8 13 11 25 8 11 1 9
split_gain=24.4349 16.4505 18.3559 10.3952 12.9997 8.22209 9.56607 7.3647 9.50178 12.9161 7.25298 6.92338 6.54506 6.43343 6.32918 9.82402 5.54002 4.83038
threshold=0.94969959795816972 11.500000000000002 6.7196470588235302 0.44823232323232326 4.1543119171563712 0.42893537141324761 -13.08784871336732 14.068652055104616 6.8933174951362686 50.500000000000007 0.25869686317447516 0.33110741481381806 2.4884615384615389 2828.6748120300758 0.29794279272932228 4.0770616917532339 43.300145930341479 0.70984424800048129
decision_type=2 2 2 2 10 2 2 2 2 2 2 2 2 2 2 2 10 2
left_child=1 2 16 4 5 -4 -7 8 -8 -10 11 -11 13 -5 15 -12 -1 -3
right_child=-2 17 3 12 -6 6 7 -9 9 10 14 -13 -14 -15 -16 -17 -18 -19
leaf_value=0.004964350202741722 0.04850910204648972 0.0089323951986223227 -0.034352136203753096 -0.037218837519841536 0.033073064163327219 0.024932125368681942 -0.032727921122152892 -0.037899958416819576 -0.033192378755372308 -0.023335501179099084 0.049226932320743801 0.013611773915943646 -0.049186236443726911 -1.0200667356212552e-05 -0.0018367223005982176 0.00177867298014462 0.038277718148982301 0.037167508820337911
leaf_weight=24 25 33 28 21 20 23 28 20 26 32 24 21 23 26 31 20 26 28
leaf_count=24 25 33 28 21 20 23 28 20 26 32 24 21 23 26 31 20 26 28
internal_value=0 -0.00226535 -0.00601509 -0.0101408 -0.00573315 -0.00880083 -0.00562112 -0.00909995 -0.00593512 -0.0010637 0.00546244 -0.00869601 -0.0273306 -0.0166353 0.0154678 0.0276595 0.0222873 0.0218928
internal_weight=0 454 393 343 273 253 225 202 182 154 128 53 70 47 75 44 50 61
internal_count=479 454 393 343 273 253 225 202 182 154 128 53 70 47 75 44 50 61
is_linear=0
shrinkage=0.05


Tree=42
num_leaves=19
num_cat=0
split_feature=16 5 15 17 10 3 19 10 6 14 24 25 19 24 25 15 15 9
split_gain=22.0525 14.8466 16.5662 9.38694 11.711 10.3592 15.2802 8.32817 8.4199 7.9196 9.13274 6.5704 7.87105 6.39193 6.09342 6.43254 5.17737 4.35942
threshold=0.94969959795816972 11.500000000000002 6.7196470588235302 0.4467649110568539 4.1543119171563712 128.50000000000003 10.744565217391306 3.7599394176995644 11.403859739796829 0.37807592172671539 2.383490073145246 8865.2805622248925 14.725563909774438 2.4337033666969976 2828.6748120300758 10.784173596673599 5.9946236559139789 0.70984424800048129
decision_type=2 2 2 2 10 2 2 10 2 2 2 2 2 2 2 2 2 2
left_child=1 2 16 4 5 6 -4 8 9 10 -7 12 -12 -10 -5 -16 -1 -3
right_child=-2 17 3 14 -6 7 -8 -9 13 -11 11 -13 -14 -15 15 -17 -18 -19
leaf_value=0.0074814560726798821 0.04608364674448967 0.0084857754296425621 -0.0028862876088722894 -0.043451276144834738 0.031419412009418016 -0.029263758641623318 -0.062643336262553931 -0.032115670406947967 0.039217491184826946 -0.027989240143109453 -0.017141191814752186 0.027346359931730797 0.022388973026991152 0.0027256913979848228 0.0068706671334803106 -0.032308901292906908 0.040080217449438009 0.035309132931953563
leaf_weight=29 25 33 23 29 20 21 20 23 20 33 34 28 20 30 20 22 21 28
leaf_count=29 25 33 23 29 20 21 20 23 20 33 34 28 20 30 20 22 21 28
internal_value=0 -0.00215208 -0.00571433 -0.00963376 -0.00540776 -0.00833055 -0.0306803 -0.00373228 -0.000222507 -0.00667284 0.00015668 0.00769118 -0.00250039 0.0173224 -0.0258235 -0.013652 0.0211729 0.0207981
internal_weight=0 454 393 343 272 252 43 209 186 136 103 82 54 50 71 42 50 61
internal_count=479 454 393 343 272 252 43 209 186 136 103 82 54 50 71 42 50 61
is_linear=0
shrinkage=0.05


end of trees

feature_importances:
wrong_test_cases_mean=77
submit_hour_mean=66
is_improving_mean=64
avg_success_per_problem=49
submissions_per_day=44
good_study_timing=43
assignment_id_count=39
relative_performance_mean=38
is_excellent_mean=34
unique_assignments=33
pct_correct_std=32
is_scored_mean=30
code_run_mean=26
attempt_per_problem_mean=25
grading_delay_mean=24
excellence_ratio=23
pct_correct_mean=22
unique_problems=22
problem_solving_efficiency=21
coding_maturity=19
rolling_avg_score_mean=9
score_consistency=6
is_zero_score_mean=5

parameters:
[boosting: gbdt]
[objective: regression]
[metric: rmse]
[tree_learner: serial]
[device_type: cpu]
[data_sample_strategy: bagging]
[data: ]
[valid: ]
[num_iterations: 100]
[learning_rate: 0.05]
[num_leaves: 31]
[num_threads: 0]
[seed: 42]
[deterministic: 0]
[force_col_wise: 0]
[force_row_wise: 0]
[histogram_pool_size: -1]
[max_depth: -1]
[min_data_in_leaf: 20]
[min_sum_hessian_in_leaf: 0.001]
[bagging_fraction: 0.8]
[pos_bagging_fraction: 1]
[neg_bagging_fraction: 1]
[bagging_freq: 5]
[bagging_seed: 400]
[feature_fraction: 0.9]
[feature_fraction_bynode: 1]
[feature_fraction_seed: 30056]
[extra_trees: 0]
[extra_seed: 12879]
[early_stopping_round: 0]
[early_stopping_min_delta: 0]
[first_metric_only: 0]
[max_delta_step: 0]
[lambda_l1: 0]
[lambda_l2: 0]
[linear_lambda: 0]
[min_gain_to_split: 0]
[drop_rate: 0.1]
[max_drop: 50]
[skip_drop: 0.5]
[xgboost_dart_mode: 0]
[uniform_drop: 0]
[drop_seed: 17869]
[top_rate: 0.2]
[other_rate: 0.1]
[min_data_per_group: 100]
[max_cat_threshold: 32]
[cat_l2: 10]
[cat_smooth: 10]
[max_cat_to_onehot: 4]
[top_k: 20]
[monotone_constraints: ]
[monotone_constraints_method: basic]
[monotone_penalty: 0]
[feature_contri: ]
[forcedsplits_filename: ]
[refit_decay_rate: 0.9]
[cegb_tradeoff: 1]
[cegb_penalty_split: 0]
[cegb_penalty_feature_lazy: ]
[cegb_penalty_feature_coupled: ]
[path_smooth: 0]
[interaction_constraints: ]
[verbosity: -1]
[saved_feature_importance_type: 0]
[use_quantized_grad: 0]
[num_grad_quant_bins: 4]
[quant_train_renew_leaf: 0]
[stochastic_rounding: 1]
[linear_tree: 0]
[max_bin: 255]
[max_bin_by_feature: ]
[min_data_in_bin: 3]
[bin_construct_sample_cnt: 200000]
[data_random_seed: 175]
[is_enable_sparse: 1]
[enable_bundle: 1]
[use_missing: 1]
[zero_as_missing: 0]
[feature_pre_filter: 1]
[pre_partition: 0]
[two_round: 0]
[header: 0]
[label_column: ]
[weight_column: ]
[group_column: ]
[ignore_column: ]
[categorical_feature: ]
[forcedbins_filename: ]
[precise_float_parser: 0]
[parser_config_file: ]
[objective_seed: 16083]
[num_class: 1]
[is_unbalance: 0]
[scale_pos_weight: 1]
[sigmoid: 1]
[boost_from_average: 1]
[reg_sqrt: 0]
[alpha: 0.9]
[fair_c: 1]
[poisson_max_delta_step: 0.7]
[tweedie_variance_power: 1.5]
[lambdarank_truncation_level: 30]
[lambdarank_norm: 1]
[label_gain: ]
[lambdarank_position_bias_regularization: 0]
[eval_at: ]
[multi_error_top_k: 1]
[auc_mu_weights: ]
[num_machines: 1]
[local_listen_port: 12400]
[time_out: 120]
[machine_list_filename: ]
[machines: ]
[gpu_platform_id: -1]
[gpu_device_id: -1]
[gpu_use_dp: 0]
[num_gpu: 1]

end of parameters

pandas_categorical:[]
